487
518
539
999
270
328
836
730
847
281
102
159
327
954
568
332
819
966
758
964
638
897
77
683
557
741
-419
284
280
787
672
555
423
934
451
694
230
147
131
774
199
373
403
171
202
741
600
294
76
670
18
160
946
790
116
447
456
297
178
458
762
504
111
497
669
790
152
439
771
43
153
748
970
682
689
859
936
77
212
570
806
648
13
184
181
451
654
561
777
369
190
212
16
837
485
397
655
692
895
791
322
493
834
785
678
877
966
825
285
160
537
191
244
57
852
816
548
83
493
107
148
920
337
127
519
366
526
187
199
810
34
576
294
828
284
385
645
626
717
435
979
601
154
63
3
949
321
292
347
10
342
929
852
67
273
504
75
344
853
582
723
853
703
463
876
732
193
615
732
141
946
939
320
420
620
622
400
424
658
48
765
780
52
104
911
423
792
498
471
134
799
443
805
928
81
913
807
2
894
608
399
777
522
375
48
629
459
65
525
70
306
872
102
686
772
675
463
925
892
136
607
820
71
557
738
649
148
520
147
633
294
287
578
92
391
490
134
729
722
324
39
186
829
600
306
339
778
831
410
356
480
136
399
326
267
265
150
594
684
930
397
989
534
857
233
840
439
271
542
203
255
314
298
537
152
164
126
255
513
104
354
743
193
892
396
409
685
970
437
440
454
473
72
18
986
409
912
25
581
620
685
224
523
351
330
423
205
760
982
903
550
305
973
449
569
994
282
808
697
789
971
319
988
211
745
717
917
348
747
5
669
212
550
946
917
192
483
616
426
32
749
701
221
431
813
807
150
541
444
975
548
973
244
83
148
586
611
105
260
637
853
286
227
618
582
127
31
761
641
983
769
600
967
192
817
709
223
837
650
520
614
499
986
47
716
95
985
708
451
466
931
401
660
386
51
212
175
866
757
221
575
386
944
604
849
209
703
967
471
46
691
49
629
566
807
87
838
96
31
484
708
621
957
460
858
323
937
325
744
896
845
257
627
667
850
368
230
766
755
443
289
728
380
555
132
127
582
640
616
722
946
269
738
220
623
569
413
229
162
841
59
67
145
400
239
567
308
768
210
346
952
850
257
37
265
882
767
327
4
974
212
857
590
485
569
910
141
132
247
598
73
747
148
202
557
991
49
265
696
736
978
849
763
603
554
514
791
506
779
60
60
614
743
752
992
855
551
860
210
82
861
288
802
529
119
430
551
521
531
71
348
637
545
471
272
751
18
682
600
391
803
729
179
76
710
701
850
39
509
228
163
879
587
120
793
646
313
604
137
979
682
867
386
425
852
9
42
501
803
499
570
421
308
882
557
259
611
698
994
648
377
985
475
214
53
746
970
318
254
145
551
392
666
762
784
921
486
98
486
671
355
935
39
879
41
659
398
319
851
419
611
472
990
375
568
59
935
530
497
509
168
304
207
429
551
311
289
978
308
807
967
913
388
595
197
747
958
753
985
918
50
150
25
858
281
226
843
548
101
171
291
991
662
926
106
974
717
72
201
406
321
530
651
584
715
115
127
636
512
887
130
873
308
357
120
714
589
111
91
250
859
747
530
720
361
102
607
37
776
783
205
802
225
409
843
831
253
171
234
415
939
162
935
495
340
758
141
484
199
601
178
756
780
268
52
644
903
308
568
73
796
641
935
667
513
287
30
411
52
750
880
710
33
268
794
33
88
731
842
812
274
668
925
475
150
938
556
119
4
860
34
436
220
442
533
235
116
657
454
240
925
625
391
934
632
107
960
502
267
168
837
406
442
941
864
806
227
651
750
53
514
795
657
250
390
462
410
312
22
330
984
377
92
960
673
467
692
386
828
799
800
83
953
478
892
639
654
166
320
697
791
475
512
995
648
665
220
24
354
996
668
502
936
634
364
711
756
545
904
326
763
147
956
942
474
680
819
182
372
858
658
73
417
11
479
579
532
506
963
285
257
469
538
601
473
561
467
345
507
604
432
234
241
883
308
654
580
784
571
367
285
276
843
127
146
738
765
172
720
795
56
465
771
726
722
656
560
271
428
580
874
144
73
298
657
686
282
559
556
690
665
212
742
648
704
23
636
868
78
156
890
248
765
648
237
666
971
430
712
138
866
674
718
826
126
82
920
574
411
493
124
882
681
547
715
651
709
140
285
229
477
206
123
228
151
622
705
727
934
447
374
326
946
688
441
308
156
55
818
151
411
563
-922
972
789
688
104
912
494
532
936
50
182
334
618
804
658
750
717
680
329
247
558
646
985
353
713
267
870
932
706
750
846
54
377
229
460
613
-288
676
