3102
980
8559
9006
5332
2899
1313
642
6011
6523
8323
7127
8766
7282
9631
4516
5525
8509
5992
266
5622
1466
8311
2706
1096
5613
4609
6997
9829
4056
2673
5931
3675
5700
5671
3355
7408
2428
9068
9137
5744
856
1793
5821
1365
1383
3523
1400
769
5365
2493
3906
5690
7788
5019
7223
1938
6999
7894
496
7346
9730
7952
2293
2403
5821
1134
8688
7785
6751
3405
6828
7389
9095
6482
6317
2997
1118
3891
6026
8418
7769
907
7637
437
6266
8926
5851
3086
6789
2729
2918
5827
1936
3396
8303
7002
7812
9608
2449
5907
6945
3879
6858
1669
2157
5052
2346
9523
8957
6768
5326
3051
8284
2870
5974
2603
1256
1988
7698
2352
7164
9022
9548
3500
4168
6112
4334
643
5837
152
2708
1955
3860
366
3292
7821
4062
5682
4090
5492
7654
7968
3272
8177
1363
8929
6203
6465
4570
2305
6736
6075
4864
7353
9685
5346
7852
601
2213
3283
1755
6932
6843
8699
3997
7719
648
7961
2461
8439
7583
3931
3070
3750
221
568
1537
4082
5478
8905
2995
5194
5050
4389
6627
7054
7735
4327
5298
834
9544
9246
5074
510
4539
1905
609
2293
9969
6748
1055
1408
5646
6428
3770
5239
5904
3779
8827
219
572
1833
7241
691
1795
7151
7564
2129
2260
8545
6812
2399
8844
999
6568
6971
1368
4616
6754
6765
5179
4652
9111
6385
9579
9915
1932
7462
6389
4055
3189
7314
7233
6564
3999
4719
3216
7104
5645
4005
5649
4930
6400
3013
9540
3779
894
208
8566
6339
4533
466
9515
9082
6522
6910
5081
8333
8346
4839
1168
3528
9009
7865
3000
494
5657
3170
1076
1930
5354
5776
5394
624
6912
2967
8308
8982
1947
8511
3400
8008
863
6248
9523
1021
3387
2348
4221
5460
3303
7647
2326
4986
3110
2789
6119
7627
3259
8704
8499
8001
5016
8804
8683
3726
4850
2186
5232
5827
5440
8925
1140
9003
2002
5444
8330
6807
2175
3356
7292
8982
2390
9522
186
9216
7382
570
7776
7615
6169
3166
5169
9387
3019
9879
5903
7009
1784
3569
6285
5439
9636
3886
2204
9134
6644
9482
2689
9884
7241
8005
5175
3141
7373
402
4689
4174
7638
2444
9624
4190
391
7312
1826
2314
3254
2491
1108
315
6376
2944
7166
8477
1544
6694
2676
8103
1271
9596
2142
7842
9758
2794
7013
6967
1023
4294
541
4714
8857
6255
34
6701
2777
7913
5755
4770
4989
6901
9500
7553
6661
2604
7111
6258
9379
217
8242
7208
433
368
3716
1979
8929
3503
7560
1216
8799
5983
8100
1430
5011
9046
228
5503
7411
2173
287
4265
8182
7977
4716
616
9283
3208
5821
4482
5079
9706
1480
4887
6581
5130
6967
1355
6855
9191
7014
4530
7315
691
3433
5606
5977
215
9136
7752
713
5057
7059
7201
6050
6283
3943
4371
2645
1161
3187
9505
9432
2623
3404
9911
4006
8717
6331
9368
628
7656
3361
82
6814
6581
5057
1392
8207
6101
1659
3404
480
9336
7689
3582
6743
6127
1074
9270
5121
9762
1069
7218
9979
2570
5776
4892
3978
3981
3813
3860
7131
7812
2605
4133
4212
9946
4447
5958
5320
6899
9433
9855
3642
3014
6455
9814
4841
9561
4050
7045
7306
9480
2591
6362
7044
113
4840
7323
7748
1055
4520
707
1424
3536
3280
4254
1784
7845
3095
7708
441
550
6750
2198
2556
6896
8737
347
315
6397
1993
3892
148
4701
4302
1612
6070
7830
1242
3750
4407
374
2409
9050
2424
3488
1660
4880
192
3547
3469
7064
3989
5299
6285
227
1770
345
457
7425
1794
3822
3019
1336
4419
1496
1261
6637
9029
9550
9720
9603
2841
1286
5354
2829
7575
5096
6678
1585
799
6591
8278
8940
6049
3692
9035
9436
4265
2598
5061
8861
2690
5682
2654
3764
1467
4554
2416
5985
7670
2750
279
8501
5949
644
2193
5728
2112
8172
8242
3621
1257
8357
3637
5100
5009
790
1356
7684
8171
6042
1608
259
8109
8651
6564
1627
9088
8665
4188
6940
4893
8904
2779
3696
7079
1571
2737
5126
967
4576
8900
2478
2402
6850
4190
6318
4295
3813
6212
6799
2021
3162
7574
6087
9914
3487
1202
1443
3958
6793
1763
7505
1485
3360
424
7928
6027
5864
6111
6756
673
8328
9855
7778
9230
2521
2133
4404
5642
1405
3286
4449
1420
2617
2772
6140
5515
464
2412
8751
5665
5389
9419
7061
3819
332
8305
1889
1709
1158
5710
5662
2146
6360
3033
8227
4945
4943
4543
7826
4780
5282
728
9054
5186
7355
5269
3687
6452
6243
7350
5988
7301
777
7608
6795
5146
2127
3675
3807
7232
3490
2482
1511
8877
9715
2900
6391
2863
6999
959
8829
2849
4199
4684
1451
3740
6325
6669
1580
714
8572
5315
612
2934
7362
1084
8216
5967
2429
1274
343
6234
5439
2127
3732
6951
4447
820
8401
4908
8165
8457
2377
3886
3954
8711
2170
4255
2682
1153
5582
5905
3359
1896
8149
7432
7851
9901
4272
1517
2057
5794
8604
2302
6273
3322
2072
5875
4846
9039
9365
8908
6942
3202
378
5191
6997
5564
1009
4525
5726
5635
2962
6028
4048
2025
9129
4671
3416
2511
9366
6697
7017
6694
9473
1680
5661
4326
7800
9478
3542
5431
3719
3428
1685
4077
4771
1199
7142
3329
6803
6188
1094
6521
5467
1823
7011
5402
3654
7279
7758
9028
2927
1766
2543
6508
300
821
7622
5335
6680
1268
4057
1537
332
6806
3167
1982
617
3754
231
5816
7604
1247
4678
279
4046
9311
6667
8126
4447
3948
161
7426
4575
8873
5920
678
3361
863
7104
33
9884
2431
4700
5009
6199
1031
4591
4729
7104
3182
845
3654
120
3481
4800
6015
655
3776
3662
8587
1992
1803
7859
6236
7433
3253
3409
8873
8274
2371
8688
3705
4919
9966
6675
3451
5835
2523
2649
4899
5723
1292
9565
4111
5092
2096
8123
2823
2626
2773
6542
2131
7350
5518
3883
6662
4802
2431
9588
2552
2901
7941
7914
5266
5310
7315
4594
914
1966
8695
3074
1535
3791
1418
5193
8086
2874
8614
1096
5474
9658
7283
7441
6475
2459
5962
426
9317
6862
4555
814
9417
1836
2361
4608
320
3940
6082
2029
5788
4611
4125
9117
7505
3247
3212
2262
1248
3888
5889
6909
5829
1612
3773
3833
2246
9885
9235
8774
5772
6144
5804
8387
462
7037
6051
9913
6248
4334
6608
7576
395
1471
9810
3711
8814
7504
821
8903
450
3049
4004
814
7059
7851
5352
8075
9674
7471
766
34
7567
7501
7750
2182
6620
8747
6999
9766
2093
9120
2321
2438
228
8596
3787
4427
7816
7222
1242
3522
2653
4473
1123
8109
2768
7516
999
2075
8649
1365
6973
5251
9906
9801
5550
3053
1655
5850
4090
2093
4947
1966
5784
8525
9354
3175
362
1302
2982
5077
6991
202
8888
1108
2865
513
688
1347
239
8797
6696
3139
3878
9980
234
9159
6216
3931
6530
9230
2702
9506
6543
1163
8393
7935
3698
5789
2484
4626
9721
3104
5302
2786
2726
3695
8644
8955
4919
1603
611
8901
1259
6221
9627
6354
2314
3084
423
7811
3555
8204
5224
6775
6467
9515
3657
6738
3201
1945
14
5734
4247
6203
2598
7696
6490
9116
2751
2753
3690
3665
9512
6103
2597
8999
2082
4200
3303
6156
4271
923
4828
3606
7485
4515
6405
4932
3180
8248
7385
1327
186
9507
5667
7404
2641
4598
8217
3745
4294
2631
7420
5601
8834
1191
1947
1014
4093
9650
1043
3914
1062
2645
4930
3010
3743
6807
7353
840
7173
7894
5086
8211
9518
4351
4753
229
8331
7578
8359
5105
8237
4575
9602
9543
1396
4889
6642
8525
6418
5509
5172
43
317
614
2504
835
8548
5177
7041
5676
7673
3936
7718
4874
8716
8606
133
9051
5177
8622
6167
7584
7048
5792
7983
6438
4514
1136
9547
5872
4803
6404
3853
9059
4939
7299
9732
8701
7150
3549
3859
2067
8043
2474
1283
3590
3626
6995
5620
3025
287
9975
8655
1186
9931
539
455
3426
2785
4626
6413
7971
2822
5700
2563
533
9249
9742
8808
1620
7251
6966
6514
6034
720
200
7210
1629
2827
5410
2257
8012
5872
7737
993
4203
6186
3478
1118
2017
4357
3345
8475
2378
8877
5304
2152
8694
4230
2668
1849
5373
4837
7656
7490
4125
6651
9550
303
3761
322
4784
560
2896
848
2568
8546
8928
1689
3029
1992
6053
3585
6322
6488
9657
5438
4660
1666
7337
1068
9345
4155
7834
4058
9319
8472
6791
5681
5248
9030
3432
5829
4240
2070
368
8836
8936
8709
5875
4908
8459
1386
5074
7305
8137
9209
6021
3132
2509
6789
8228
3527
272
9009
9729
244
8889
3335
7125
7814
8786
9282
7670
5559
6039
2038
9281
6960
6877
4128
1050
6039
3468
487
6526
5602
2283
7890
3457
9083
7831
6691
7512
524
1519
433
1093
6153
3679
3107
3003
1644
6871
600
1597
2492
744
1300
6055
6583
538
3141
776
6622
4316
5796
1595
9840
4938
4150
2128
6462
4500
7458
9276
350
3585
4765
9050
2171
9663
1073
2828
6506
7941
2092
4930
4311
5943
2117
5893
4718
7349
6201
9569
4981
1745
2483
8013
7894
4890
2235
136
2619
7962
5669
6290
9442
5321
202
356
2448
9724
8212
8333
9074
8990
6354
1594
8254
8841
6843
2928
1960
8560
3856
169
4848
9324
762
7434
1241
2929
9923
8381
8677
9949
2208
5071
7516
3916
3276
4311
2411
9387
9600
850
7208
343
8494
7799
9844
5233
5036
7596
7578
3121
7310
8373
2644
7363
7085
4355
9244
6434
1251
7377
9472
4400
6232
838
9007
8991
8822
2328
8432
5231
6553
302
3793
9108
6803
1359
2189
339
1628
8220
1815
4810
4070
1911
9571
5001
798
9503
3412
2625
8702
8105
3888
8855
2192
9613
3583
7220
8653
9626
3474
6188
3508
246
1457
7737
6774
3109
2941
740
8941
3605
3716
2576
637
2245
7090
4339
7523
8528
8036
5121
4506
8586
5657
5846
2300
6565
7553
2144
1013
880
295
4951
6868
4685
2699
7626
4875
4158
3448
4520
5317
3483
1572
2375
4999
4050
5318
8164
6351
2331
1617
104
5049
9895
95
5427
7585
4085
9753
8967
9682
8944
3458
5780
477
5657
7252
7819
2021
6060
2994
4145
5687
8897
9708
1395
9688
5858
209
2417
2566
5540
3855
4840
7104
2500
1173
4047
5330
4463
9274
2653
8328
1981
7959
1477
6707
6107
383
8880
1402
6005
8751
518
9704
7868
8015
952
9235
153
1096
4956
9853
1070
5185
4054
9059
9205
7234
1744
7811
7704
4025
9254
42
8268
9242
2304
2283
8954
192
9853
3292
331
6355
1512
6283
3696
530
826
3598
4619
4048
1900
7079
8254
1883
3126
6534
5710
8919
7561
6472
7475
6537
8774
1182
1295
2783
1353
8904
1560
1261
6869
2336
6708
2546
621
9476
4896
281
7804
3275
141
8539
1074
1736
8119
1010
76
5020
1555
7641
6927
1046
6901
7087
7616
6741
1468
8586
2675
6719
7210
7415
2142
6410
3699
5600
8457
5223
8593
3303
6612
2286
898
6175
6693
4437
1167
9977
6268
8538
5849
6140
6325
2352
5074
2174
7850
38
1877
1599
3170
6242
2004
4373
1770
9709
4524
3489
702
1192
6615
8928
8565
9069
4733
6366
9382
9120
2424
8790
362
2740
3251
8628
864
858
6237
3835
5366
4868
2432
9746
59
4071
7929
8792
3119
3903
6323
1465
2451
2220
5861
57
8146
1707
9396
3246
4603
4319
6166
8538
3690
8494
4997
8693
7250
5400
1451
921
3914
4674
9008
711
1041
2449
7582
9095
7359
7026
9965
8316
3577
3174
432
6998
6368
3787
7162
9409
3847
1894
8862
6347
768
1675
6403
2067
5202
239
6576
6493
6008
3253
9
8098
2873
7221
5190
804
639
5035
892
1230
6982
7547
4507
474
8404
2706
7092
77
5855
3303
20
3869
7583
5457
7521
802
610
8754
975
4474
3621
5297
7008
5399
8982
8694
1046
3651
3123
4750
8630
148
5854
4414
6859
6314
7184
1427
3092
5844
4390
520
5724
9395
8669
6786
2291
4199
1606
2774
2413
661
4677
8346
5623
6634
8204
9944
4946
505
8543
4862
974
7072
1220
995
1652
4713
4793
3508
5840
444
3329
1772
4665
4466
9116
6307
2478
2900
2866
4765
6446
3810
3916
2819
4948
9391
9856
5455
3982
1705
1623
7520
3192
1351
3932
1822
4522
6716
771
7111
5098
3448
9939
1112
2271
8685
8209
6247
8340
5278
7275
8493
9173
4852
2270
8049
1802
6298
8981
5184
9341
3928
6831
5144
7448
7086
8699
5395
2112
7974
5506
6753
3192
7036
7488
9039
6516
4441
6241
4324
3275
9562
3125
9833
9079
8767
1551
7208
5293
5248
2528
1789
163
8106
4186
2410
755
6503
2676
7319
3371
2428
1481
9574
8877
2299
509
7893
1690
2537
926
9260
4118
2026
2322
518
3176
120
4003
3772
3505
8179
3812
7885
4646
1874
6398
9818
2331
3703
571
3757
7006
6913
9486
1098
7774
8667
2093
4782
3990
4210
4429
4212
2841
8228
3192
6630
347
8547
6221
2289
8730
6600
4389
2673
9016
2837
221
7019
310
6131
2421
4074
5166
282
100
4576
493
159
2085
1854
5883
279
7282
5456
3785
1930
2523
9087
2645
8723
7123
3386
237
2148
7736
2383
9294
134
5629
5842
7975
5597
4357
1904
6111
618
3662
1838
4624
4763
9064
9642
9582
4925
1841
9795
5112
849
8558
757
4730
6765
5559
5916
7340
2121
1280
8202
6331
3049
4608
1315
2866
3259
2992
949
1221
9798
3762
9222
4409
6051
1466
453
7539
7543
3709
8179
7564
1038
6757
26
2205
5572
4943
507
5549
2636
3890
710
7284
6164
8715
7794
5419
623
8073
6493
1939
1554
3794
8925
6046
9803
608
8484
5565
986
8108
7218
3783
6196
4869
9252
675
2012
9149
3899
3955
6882
3601
56
1309
8840
9778
6738
7894
3567
6181
7866
7405
9585
5971
6246
8914
6519
8381
9978
6753
8826
5969
8549
7775
4678
641
6006
4768
7771
22
2927
1922
1805
3377
6274
9801
5724
6777
7833
4472
7790
806
9474
5673
1063
8121
3062
5129
1514
8614
2811
4243
1706
6863
815
6567
9674
9790
965
3287
4610
8046
4700
3502
1795
2647
6171
9101
8049
4932
1625
7172
111
771
1944
4665
8297
1048
2866
5031
1978
9454
6123
1270
3662
715
2198
371
4370
3903
1428
2445
7896
2729
3718
7500
4438
5110
2228
6797
3134
7191
2935
237
7432
5021
8880
4018
9435
6388
6363
6529
5259
4953
1262
5471
9292
9994
1788
5768
2052
7656
2295
4405
7231
6155
7889
6078
3148
8547
5379
2380
9268
6294
7542
3049
5307
5771
7519
4903
5568
2321
5128
8362
5743
4844
4537
4930
6421
3390
5286
6440
8483
2318
914
2021
9947
6248
5137
6442
5639
9265
619
1375
9738
3700
6812
555
7710
1662
9576
3309
2284
7075
2156
8293
1339
9051
2095
4146
1391
9164
8600
6121
5570
3157
2089
767
4417
8740
1609
931
1981
6532
2960
298
3058
1799
2075
3176
9236
7388
6815
6024
6677
9341
8586
2520
3011
3096
2277
2436
6190
5256
5765
9086
8263
4079
6961
4983
8916
6018
9662
7485
7553
4481
7046
6848
576
1217
8840
1522
6609
2520
456
3595
3388
6485
167
2582
7563
7305
3613
7788
5493
7430
3827
5435
9077
1458
4749
2258
8553
2920
964
1356
982
4939
754
4582
8537
5880
2391
9647
8041
2199
9896
587
3416
6957
7991
3620
1719
1490
2061
8685
3801
4058
2980
8644
7616
850
2962
4820
5860
4808
319
9764
6178
8551
8935
3760
81
2350
8747
401
3903
1628
7026
9164
4650
6859
3565
3780
8379
2486
5769
4908
5997
2583
3677
9661
5964
6418
466
7313
4040
9895
5554
2394
8392
5064
5482
8433
2779
2328
8905
3790
1353
5948
1755
2673
585
705
2623
252
5244
4473
3667
893
9894
51
1698
8683
13
6902
8083
4284
6585
5738
835
1312
8028
9203
253
654
3275
5786
1958
7561
8634
6746
2181
799
8054
9988
1503
4814
1964
5792
6065
771
9495
8705
8422
9008
3830
1586
8393
7577
492
7139
2388
9308
1185
9227
2438
9979
7462
904
4323
9847
9686
8538
7734
122
5976
5000
6866
8720
480
4894
6
7859
1061
4020
9886
8450
5501
2812
358
1806
1253
5527
8602
1297
3357
8500
2424
5627
592
4646
9623
266
5601
7169
2497
3541
8401
8097
8796
7909
4829
903
2038
7585
7315
2273
5630
1188
9653
4837
8704
4189
1447
682
7944
5219
9987
4211
4696
8403
1852
8376
3717
9687
5567
4658
7851
517
7749
5763
9120
2145
5077
6144
7638
7568
8790
1485
4570
9754
8626
1955
9738
7883
6647
3936
8548
3990
4647
4507
5465
5270
3599
3986
2272
9139
68
562
5302
8061
601
8338
7587
9081
733
9629
8985
2085
2626
1898
4182
2057
6808
7545
9352
4267
9384
6428
2912
5183
9485
3856
7807
5578
1276
7895
7149
7505
5460
6948
392
8899
9888
7730
9738
6703
7338
624
1027
979
1082
7949
3189
5827
1724
5084
1119
2370
9487
4244
9681
944
6121
4807
9774
8048
8936
7325
6128
3781
4323
4476
1381
7545
3423
5494
9798
5305
2526
4127
4265
6608
4802
8954
2028
2574
6528
95
1842
9956
6255
8731
8779
2815
4223
3507
8939
7663
1926
9974
6988
8115
9077
4799
9951
979
1402
8900
9870
8778
2575
3710
7581
5101
2271
4933
6815
2732
1017
4055
165
1748
6877
868
1729
1375
3235
4457
9097
7769
2219
7736
1286
4703
9615
8656
3868
2646
1316
8302
5076
6246
4767
5328
501
9441
8357
81
6626
1139
7691
2886
4269
6615
3980
8116
6280
2548
5433
1596
9756
7619
7514
4629
1539
6174
419
292
9071
918
6306
2378
8526
1265
3892
3097
6437
5902
7415
7044
5097
2758
9978
6467
5452
8241
2257
5312
3509
1570
5781
5921
1432
8785
9208
4434
1749
7122
4534
3790
7245
199
9031
3034
9662
5951
4561
7790
7119
7721
4538
8705
3575
4265
2810
7312
9864
7462
3151
5338
8281
9021
7707
5915
1026
6870
6840
7827
5936
897
3372
5986
1880
4476
3703
8995
9592
9844
6713
1890
3561
4021
7585
4427
7649
2241
1712
2977
5173
8089
7803
6551
5851
1690
9199
9790
9229
2230
5183
8396
4474
1070
6073
1989
3590
3642
2568
9881
9810
4645
1538
2778
9958
4071
2081
2056
8875
1680
5998
1290
8213
5342
4409
2683
2749
3868
357
5263
29
1399
4033
9921
309
5213
3762
1866
8379
4964
8779
7328
9774
5573
2335
7065
4123
1395
3245
2474
4472
7596
6025
8352
3806
8715
2076
8682
7333
9702
5858
1009
3063
1163
5233
9830
2998
3362
5241
3718
5161
847
1031
3772
593
4008
2275
3059
9099
6861
6170
5462
9390
8696
9014
3015
1971
4610
2616
9848
9349
4222
7800
2953
8878
647
4291
5806
3441
546
1235
4956
2598
111
8221
33
2031
4866
3332
6141
9418
2440
555
4336
1871
6856
1751
2369
1593
7063
2482
3257
1729
1768
4540
5066
1766
5918
5452
3855
2905
3183
7237
8337
9765
1784
340
7986
8444
4439
9397
4154
2188
425
885
6604
5984
5968
7281
9125
3555
8368
62
1664
3295
9446
2610
280
3620
965
544
4235
8164
3199
6785
5255
1546
7949
3981
5557
747
2971
1642
1119
1061
3315
5627
7870
9285
228
2937
2692
8437
8590
4751
4163
7329
2589
8143
9688
9818
2016
5874
4264
7268
2229
1597
8261
5162
7219
9615
5036
2722
2163
7814
1903
3146
1739
4578
9866
3105
9096
7889
2164
2739
6760
5162
7556
2828
9698
565
909
2622
2690
71
9800
7790
3669
4699
9068
5064
5501
8764
1837
643
7537
9439
622
9742
6821
8061
7268
8794
9809
2991
2184
8850
6480
2626
9896
7156
7624
3098
156
8356
4513
6322
4672
6646
8467
545
3091
8024
96
360
8458
8194
1019
3768
945
3670
580
8737
6879
1042
6562
9189
4229
9764
7803
5724
1092
2189
9891
928
4408
2094
3534
5688
4068
2383
4035
1777
9467
7535
7440
8776
6184
3765
9444
9989
1067
8533
8893
8914
8177
9182
1023
5401
5374
1328
7053
3755
2154
3755
7959
2540
933
7090
6912
6572
2344
5406
7162
5553
1130
4752
1472
7376
1867
9374
8688
8426
7761
3759
4372
8707
2700
1793
4796
6030
3416
5575
3849
6644
5855
7265
3736
6019
568
9811
7481
2435
8448
3367
5323
292
1443
4159
8357
8339
2567
2930
7252
8459
7926
4280
8972
4168
3862
3745
5101
6999
1238
7823
1620
2026
5335
6644
3402
4855
3748
9845
2749
5792
5632
1790
8345
1981
8043
1312
6419
2469
7984
4821
8418
3212
4622
1396
9354
7206
7361
448
6998
4010
8477
4987
2482
9586
1286
3096
3170
6974
9358
4349
1890
7752
7148
6215
8602
1730
4197
5304
542
1755
1562
4187
8912
8241
9662
8280
1970
1825
9442
4291
2348
4970
1487
1295
9254
8111
1552
9872
131
4075
105
6542
9034
62
4215
7813
5073
4758
8310
3178
2729
1785
3161
1416
2609
9822
9865
4903
8071
1340
7389
3822
34
9114
2499
2400
8325
6150
7672
5938
2336
1489
8826
3340
6329
4583
103
4990
4179
636
817
2842
4424
6098
7568
7487
8040
888
7988
4902
8574
7196
5286
5237
1851
1120
7882
9712
5874
1738
68
6704
2895
7542
2131
3260
6949
8103
126
4803
4482
9434
298
9692
1345
3099
9173
8725
5420
4673
4610
8087
6011
1588
2833
6363
9661
2975
8442
4902
2242
4784
1110
703
724
5997
7819
881
1504
5264
8578
507
9924
179
5094
2677
1830
3959
8827
2862
8398
6958
2808
4080
4577
7225
4018
2261
6572
9771
5991
963
5193
412
4132
5346
5313
841
3267
1455
7118
1561
3461
8777
9755
507
9544
8536
9595
4971
5925
5101
6291
611
3912
9829
7269
5230
5197
2375
4666
4328
2884
8045
9435
6721
9376
8495
1675
5104
5713
7610
7205
1732
860
4000
6877
7814
3972
4665
3654
1706
1864
7384
3744
6836
8761
5416
7467
8552
2085
8229
9468
9258
7029
2199
9627
4451
6831
7352
4839
933
5401
9847
7542
9862
7115
9557
9357
5240
1999
9213
7097
6809
3176
2929
6263
2374
8956
4703
310
7978
1696
8338
5671
7860
2431
5237
4110
119
8709
3170
5464
4780
8718
6297
8472
8658
3334
6156
4816
7269
2541
5207
8584
7707
3337
7757
5086
4347
9288
7901
5819
3657
7648
835
5822
5292
7093
7515
4007
9297
8807
9633
5826
9256
4212
2756
4333
428
545
6217
2584
4753
1841
8395
808
2549
3311
2896
9672
120
3678
5334
1806
3816
5019
6956
277
4789
4699
878
3051
5124
7862
3401
5161
911
6016
7388
9018
6297
3408
2607
2378
3200
1007
1693
3549
5115
9950
4509
5066
5746
5940
431
9474
9804
7619
4945
6592
4291
4470
65
2782
3317
4985
8333
1729
5748
3541
7462
8771
1709
5511
7075
1563
486
9243
9826
9115
1599
7594
3769
7702
8475
9597
9307
9628
4809
9405
3062
9107
2586
8441
3337
227
2535
355
3762
4238
4187
3304
1829
155
2747
2409
2089
9054
9591
5162
9629
2373
968
7527
3704
3377
1513
8734
1470
7103
7010
1021
3006
4450
5855
8809
3320
2847
1935
1416
2668
6341
4712
667
9774
2567
7112
716
6965
8631
8999
1904
3250
1408
1640
6168
4030
5552
9182
7098
1581
5808
9115
5879
1374
8178
8324
8105
6260
5014
7040
3051
2271
5081
9663
2645
3027
4154
8615
4930
5515
3482
7178
3296
1606
2640
9044
995
2959
278
2576
5526
3274
6451
5161
3263
26
5318
3326
8494
5952
4460
2671
1122
1567
4174
660
8040
3210
9450
5261
9376
4462
9211
9316
9102
6140
7640
4095
1674
638
1463
4673
4789
8635
5004
9920
1913
5990
1362
6577
2139
4321
9444
5951
2943
6943
1240
2523
1352
550
8648
2861
1659
3251
9023
841
1310
840
1581
2541
7043
385
5591
9463
5947
5140
2782
4755
5913
7702
7978
1745
7044
3034
5762
4741
8167
6500
4459
4120
5785
5452
8603
2108
8389
5566
7368
2253
5045
4446
3378
2403
5536
7081
5706
6196
9773
3655
1982
3382
9426
5373
4578
7298
3966
4463
4604
5076
5791
562
3179
2175
8256
6623
2757
2126
7843
8723
4828
8037
9575
1027
8413
8757
5926
7021
1333
8462
3550
9450
9999
4895
1850
3920
3790
6585
3260
980
7412
5921
4393
5484
9709
3892
2561
4883
6315
5718
4073
6405
1454
4179
2999
7098
6591
5670
3401
3968
5898
9208
8019
7904
8262
3983
3571
6499
1843
8248
226
9006
5246
2928
6490
8
8707
7132
6302
6236
1424
8264
7947
2106
6882
9772
8921
1703
2047
8187
3245
9365
7135
1653
1567
4046
3623
1261
2274
1418
7315
9876
8501
576
1632
1268
3542
4088
6947
5625
1646
623
5705
7497
1404
3204
5132
2629
8562
335
4527
5111
5142
3361
6999
9675
2806
7735
1430
4298
3372
6136
8580
5634
1817
6830
2476
6657
9536
1905
544
7280
6866
7230
1610
1389
8642
1159
2657
9920
4853
6277
7956
5487
8984
920
8214
1373
8637
1855
6566
7821
5571
9106
5017
4420
4064
8204
1366
7212
2526
5719
8094
5765
912
9952
199
8807
2400
1401
8371
6482
2918
381
4209
9526
9286
1326
7504
350
2327
2378
6299
6631
4220
460
6790
1071
9361
4655
2884
6201
3923
3773
3986
9645
2411
5878
211
4635
8937
8508
8568
7200
6186
5563
5948
4993
8406
6550
8153
1940
40
6028
3803
5679
8843
1610
7711
8088
6765
2586
2104
1163
3730
3641
3966
1146
8040
4758
610
6718
1763
150
9475
700
6996
7844
4662
9923
8490
3957
9382
6194
3605
6298
648
7447
9395
4512
5593
401
5130
993
1302
5687
3665
7853
8184
3425
6283
2435
9370
3620
4048
776
5512
780
1081
1291
8726
2561
216
9503
7754
9596
3490
8695
8215
2019
6714
4305
2983
2560
4364
537
1907
2960
802
1198
9186
1111
7718
2545
3965
2448
9797
553
7899
9138
3836
324
3822
3167
7682
2696
5272
2470
978
8936
9963
8936
4387
6338
924
2471
8581
8309
1763
2107
9930
1375
4690
286
9887
1253
2576
1143
4646
2156
848
3140
338
4164
675
6560
3741
2052
5990
644
297
5088
7081
9018
225
87
7566
3100
1212
7289
7770
4411
2782
6598
4363
4332
8682
2945
6998
1644
3527
3748
2572
9348
8222
2285
8936
2072
6765
9478
2008
1050
76
6995
1349
7980
6586
3812
6144
9778
98
2441
2891
6789
5152
4917
9618
275
665
4508
8148
5764
2556
7126
3058
6680
5124
6485
4594
1532
6215
8931
1632
6860
5694
3301
562
3666
2864
7996
4294
2764
2797
9610
2059
2572
9013
6721
5529
6409
2739
5959
7742
5586
4137
1910
4773
3571
2633
3136
2597
8176
5052
6575
8691
1278
835
474
4693
481
1433
3172
2613
5424
9169
6591
2574
357
6160
7198
4006
2176
3801
1432
7159
9275
882
2328
2843
2872
2096
1104
6772
71
2723
750
9542
2628
64
5655
146
3917
343
7344
1839
9409
7680
9708
6103
4755
4151
4672
8139
1214
7281
2994
724
5058
3562
1807
7335
765
2349
5275
4020
7174
4975
2627
6636
3506
5064
559
7452
8505
3935
7796
4826
8290
8193
7974
1531
3323
9181
8906
5102
9365
6607
2921
8745
4268
5175
2864
7726
7045
4837
4916
2025
1952
724
7364
1545
3116
6496
9335
3416
9514
9397
9924
4297
5369
2101
9232
4813
3632
2198
8113
6578
2203
5190
1521
6857
4317
5515
2095
2994
7668
7819
3056
5958
9993
1989
4307
1969
9078
8571
1937
3994
5491
5693
6675
5520
5465
9778
8222
1570
3815
2901
6617
5851
227
4762
5295
8905
2616
1740
4112
4969
4893
6212
8818
464
5127
5464
3109
1720
5125
189
5107
7029
776
5739
5958
51
6294
9148
3236
3038
420
5087
2294
7150
9104
6464
3350
3165
6785
5788
6934
1765
758
2403
7246
6043
5467
2687
6061
1042
4747
7851
5217
4910
2511
9186
1361
870
180
486
919
6517
3514
9881
2907
1517
6648
6635
8619
4936
7565
6976
5383
9884
6258
1629
3848
8954
8444
5375
2001
1796
4253
5129
3309
4249
4906
1976
5432
6830
2646
8836
8714
7418
3565
5845
206
3998
2942
8063
4752
5311
6256
7804
1461
6529
7381
4805
7573
930
1339
3948
771
6625
5423
3097
8365
2777
5309
9327
7214
3773
6882
9947
2881
9458
7330
5096
6689
6531
1798
9585
395
6997
4861
8452
6261
1401
7107
5919
2968
647
4463
3915
2088
6509
8518
5313
6276
2451
3885
1853
4921
5097
6715
2750
3089
8208
5645
9942
9192
1218
7252
196
5616
1040
4409
9212
6282
7766
4944
4992
6309
3116
1594
4638
8611
2428
5828
3061
6
2346
7789
5924
3931
1685
5589
7377
5404
3737
5633
1875
2441
2943
5851
3405
4769
594
5847
4184
1146
9485
3376
1131
7264
2726
2240
2185
8826
3522
3694
5016
6152
5188
5314
7289
744
1285
4996
8649
7273
6609
6579
2035
1174
1420
3985
8799
5988
8175
1131
4795
9367
5427
9271
213
6286
5961
1046
1042
4127
9363
8713
7182
4573
834
9119
9761
3206
3614
2428
8873
5481
2027
2102
1322
3189
3550
1945
9263
7228
92
411
2827
7414
6187
185
769
6722
5064
2784
5308
3015
3316
2407
9132
3609
9755
2137
5390
327
6658
4321
9638
4226
3821
5055
5499
2840
5194
8439
3648
9757
7997
1160
1243
6827
9145
4810
979
768
9624
9905
523
1382
1767
1982
1333
8241
3585
9860
7829
145
6134
1224
7507
9814
8200
8721
76
739
5010
7375
3206
92
2086
5433
4782
5433
4881
2910
224
3789
4380
1901
5106
7888
9986
7648
8910
5719
9193
7059
6361
1766
6015
7011
6949
1948
3843
2625
5583
8636
6908
501
3606
4780
6010
3391
7289
7574
2871
2921
1611
2476
4266
1129
3239
152
7368
7795
5417
3201
6183
9131
1232
9098
2208
9511
7039
6917
7280
4514
7098
8597
3611
4077
3283
6337
2494
8737
1505
1252
4896
9168
2841
2321
9187
3833
3708
3331
8493
1801
6829
6499
4382
6927
2349
5123
6493
9640
5525
3863
8947
8841
8879
9139
9652
6939
5618
6623
6197
1233
3016
520
5022
3909
749
688
7806
4112
9382
1141
8981
1512
7292
9071
5587
9859
6708
6899
4426
8298
7484
9301
7378
6010
9475
3082
2905
8947
6629
9611
2692
5715
6547
9381
7175
6301
7707
7438
2125
4035
7113
9394
1749
8467
7802
5659
697
6140
9880
8415
5388
962
8631
5523
7823
8935
9242
4926
4607
7178
5427
6872
4559
2796
7350
4577
2238
780
72
3854
7301
9269
5561
3870
4415
6269
8539
1690
2181
4942
942
7819
5653
7202
5114
1046
1470
9559
2920
7250
4139
5202
3006
6234
7498
511
7637
1774
7079
8711
1064
4532
9562
9226
2506
2332
633
7772
4932
7329
8155
3804
523
3435
5371
9791
2426
337
8405
7132
6385
411
9712
112
7450
4102
1544
4017
3
6865
4998
2160
3933
405
1231
9896
5616
1953
934
6451
6569
3
3678
6203
2161
7682
8689
7790
795
2760
1974
2810
3049
9245
6530
4520
1003
5279
5006
8118
8598
4318
3632
9052
6861
4595
5625
6592
9055
1697
1962
1781
8892
7924
5428
5310
8805
2613
5899
6513
4287
9983
4197
3446
4436
9548
9909
1711
4614
4009
1871
2433
1745
9001
3207
5168
6252
2245
2699
5881
8827
3760
6985
440
9508
2088
3582
5082
6139
3352
4141
7837
2749
5435
9880
6964
5813
8860
5869
231
7871
3209
864
7383
7847
6693
2385
7390
7293
9516
922
2821
5159
9153
6680
4463
6450
2099
867
4019
1047
1263
2955
3735
2854
1967
7985
7879
594
1488
3039
6357
6409
449
1621
8475
5453
1719
1745
6508
4676
7390
842
6440
5257
1273
1193
4158
124
2106
4085
3419
4205
5966
5561
3793
7536
7232
9268
1828
8845
7837
1213
4926
7544
6727
8993
4929
7544
2451
6491
5036
7878
7470
286
5127
4851
7388
7890
7977
5318
7040
7401
2905
1457
8024
6876
2321
9935
2672
9975
7278
1868
7159
7453
7220
3248
5503
7993
6607
5386
2989
2467
3524
2950
7984
8555
9301
8490
2574
8614
1860
7011
9914
7298
5023
2022
2242
4551
8617
3829
4693
2859
26
5473
6370
722
876
6886
5595
513
1750
6616
824
9501
8358
8872
2744
6837
4951
3091
3459
5337
6227
8023
6587
8213
5233
5490
6224
2974
7519
9673
2274
9687
2171
5553
4049
3248
9419
9998
2337
8220
5613
2886
2570
5230
7112
2305
4763
8432
2561
8336
8878
9791
1626
2214
6183
7270
8276
231
2246
1365
9718
3324
8524
4701
4694
8832
634
1115
3123
9195
948
8047
8133
9976
3909
1913
9852
3124
2012
3439
678
8582
4932
2556
6621
7765
4514
2392
9916
8715
3447
7536
5873
4980
5973
3218
2750
9554
4607
3592
3034
5809
8040
4798
6149
9234
3838
7121
8
3894
543
9606
7450
9849
5193
3301
3392
600
2080
5744
1420
4240
2520
3731
2262
1749
1219
2954
920
6763
3940
7097
5362
5781
6290
4588
2894
7832
424
6732
9183
2010
7865
4939
7747
5484
7889
3180
39
7762
4262
1618
361
1051
2829
6627
2232
2177
2490
9656
4823
2927
4607
1428
9985
1226
2773
8926
1911
8589
8281
5309
9765
8357
2861
8224
4722
7861
1071
3927
4374
1063
4327
8705
6854
8448
2026
99
8938
1727
1020
8993
8096
1394
9618
6284
1210
484
6693
5160
130
1319
131
4201
7021
7818
7727
9561
9549
4279
2057
3561
2529
6092
2152
1282
3415
3811
1747
8502
1314
2896
1711
9224
326
7079
4323
4389
9808
792
9959
7565
6307
9144
91
8098
5213
7245
8340
8812
4776
1477
3905
4326
8108
9604
347
6665
3778
3272
7099
5682
6851
5482
6774
6483
1294
5860
8579
7747
4617
5785
2558
6562
9455
7286
7525
8238
4264
6099
158
4859
6662
8133
4283
6306
8043
8755
7046
6169
984
3059
4935
3291
1009
8657
4069
9763
2396
843
3305
6026
4584
8332
2670
1403
1802
1411
6132
9599
6674
4543
4452
3867
7628
425
7853
4082
7106
478
8797
4919
7024
6728
1915
1315
2752
6824
5601
4191
8147
7473
4024
8767
6608
900
6043
859
7159
212
4557
2043
1343
4341
5591
927
7677
5590
6441
1080
4662
9048
8226
2582
4443
1178
5003
5343
4819
5539
2717
2105
4871
5387
3251
788
9367
4086
4698
5623
3818
1197
6820
2613
6946
4378
6652
7996
7566
4081
4501
3194
1833
1094
9243
7420
6928
5039
3514
2132
7296
3911
1341
3238
6638
9099
2591
9663
224
8900
3950
3299
152
9762
9677
8258
8321
8034
7160
5349
3906
6876
8835
1851
8208
5147
2283
1259
785
2057
78
6629
1578
5175
2966
3785
2025
4630
2848
3427
1647
2757
3355
6866
3797
4311
6156
5124
5231
4368
5486
2848
9534
3292
4423
2015
8016
5932
870
4263
4578
2398
1257
3654
5621
231
3099
7143
5566
368
73
6964
5432
6506
2326
9385
3540
5472
6964
2736
8736
6568
563
3775
1222
2053
1815
7626
9483
2252
4577
7669
6968
9888
6144
8203
6069
8412
1696
9076
6241
221
3408
7558
9007
4234
5073
9467
6682
4064
779
9467
9000
8798
1082
1318
77
6634
4261
7504
9207
5967
4927
9273
9862
4340
5558
4184
718
4729
4697
4548
8757
6416
1559
7358
4135
8566
1170
1102
3562
589
6995
3704
6107
7479
2119
6682
5511
6449
70
6934
6870
3754
2548
4055
721
8062
161
8945
6916
5427
379
1690
5791
3775
947
6894
1350
7108
2733
6132
4857
7802
4528
7131
7854
2855
4782
8895
3785
2301
2814
8638
4973
7120
661
9314
3949
4738
1875
8123
5836
9069
8569
7434
6402
3629
9912
4444
7727
9671
3572
9329
634
3178
3208
184
2307
4177
7748
9897
5527
6049
4177
6862
1745
2501
8996
9663
8477
5204
9633
8041
8088
9452
9143
3930
9059
29
6345
3867
9446
8516
3085
4106
2994
1634
2973
4211
47
5865
1819
9563
2420
8883
6290
6249
6228
1502
2295
8161
2805
4648
6670
4783
621
4179
2569
9324
2853
2900
7740
9103
8511
1278
8587
9187
6004
8135
6484
5681
4950
5651
5562
7770
2868
5685
2246
179
4796
1087
7218
6494
7050
4945
2144
7297
3199
6822
9732
1221
4957
9959
5603
8092
2623
5834
6851
4032
5573
6091
1553
740
2636
5461
4770
1802
2236
9900
8929
257
5244
7690
7735
8583
6096
7477
8761
4339
7106
9338
7451
5320
9919
8152
403
8887
9080
4331
440
5220
4728
2819
504
5602
1238
9680
6665
4574
3008
8956
9655
2549
5959
3046
4220
4067
4346
8374
4862
5449
7899
2530
4099
6730
4381
9404
63
9522
9135
6453
8782
5236
8962
2675
7469
3502
6182
9002
3458
1723
8579
6537
8316
8629
8211
1092
7364
4388
6989
9658
627
3064
4028
8658
5502
7535
6350
5879
749
8451
3672
6317
6745
3971
503
7246
6387
6540
8113
5174
513
3156
3450
4599
6979
2419
675
8618
2276
5103
2860
1043
4140
3250
5050
5743
130
426
7988
4957
3903
2381
8391
5894
8766
9110
6298
8634
1407
3408
1307
505
2122
2654
8680
5754
5937
9141
730
4155
927
5271
172
7638
764
2045
6521
3885
786
608
259
1026
8410
9012
1264
3013
8719
7345
4111
2490
6229
6335
6041
38
8354
1805
226
4582
3434
6414
6238
2364
3961
7649
3968
5479
3193
7708
4478
6238
1123
4581
7585
5226
8882
6492
9496
3997
1827
3527
6795
2514
312
3915
6989
4833
6556
2933
9835
2959
7970
1107
6786
9504
9910
5153
781
3083
4932
7763
9435
5401
7719
9900
8671
120
4602
3177
7809
7362
3931
4301
7378
1749
8622
7882
4637
3455
8653
2841
584
9592
9340
7398
7178
6156
8234
7995
1494
7187
7988
3590
7142
9983
4276
5594
9379
434
952
3984
6240
2025
1053
9799
1511
9928
2825
4687
3531
2675
2151
1774
4973
3831
8605
9772
6874
1971
7194
7090
6000
8982
3980
1818
6145
1318
1374
7890
2577
1674
3246
4467
7498
8453
9148
2393
8847
5984
2254
2910
1917
4626
2352
3191
7660
1662
6793
746
1541
7673
3657
970
6879
871
2287
5841
4002
2802
3751
7674
8140
1861
5889
6904
2881
7979
364
3510
5421
7295
8336
4539
1733
9391
156
1593
2652
5170
9828
8115
6097
6259
2204
9785
9462
8442
1506
2385
9227
9493
5989
5956
1961
3032
5700
2210
6827
3166
7746
6690
2262
5994
7717
5722
5401
2415
5533
6568
2287
536
8546
1531
4449
6165
2646
4689
3625
4610
761
1021
258
9542
1931
2836
6731
1381
2317
341
954
2818
1024
2355
7709
245
2495
576
3099
1813
8489
3943
9865
7602
6694
6710
2361
801
6843
8791
5613
3557
7032
5769
4617
4790
1694
8127
7271
705
1950
7349
4036
6972
733
8683
9607
692
6579
9744
4945
1317
7443
9515
2191
5413
3205
2616
8093
6413
1103
5374
2534
6021
9506
7081
502
5099
9713
2761
6688
7312
924
1862
523
3951
3530
8798
6615
7419
789
3901
6366
8788
639
5416
9397
5541
2451
8166
7105
3597
3414
7675
1351
6967
1021
1442
7756
6441
7544
102
8971
9046
2571
5517
1349
6464
9501
546
8578
1949
9609
2141
9317
1989
6738
5409
5630
4086
2292
18
6169
1731
2613
9458
6084
7440
3691
9334
2078
4466
535
617
3227
3079
5662
5517
7876
9634
9593
9737
8715
1648
3986
3283
3996
7228
6543
9995
671
3483
2939
5298
5321
8838
6031
5510
8563
6082
2576
11
7810
7261
66
231
8949
9702
1739
2906
3534
7385
1506
1399
2039
1047
5781
8548
5446
9038
2282
8682
7819
8266
3613
9177
166
9751
7193
108
85
8370
6242
6516
4763
987
8846
1091
8461
6649
3028
9448
9541
3338
7612
3682
4777
37
2726
3506
8775
8943
3303
4897
8119
9686
8127
4555
7298
1740
4821
7159
1232
8340
2643
1029
109
4594
830
3187
1077
1170
5614
9275
4671
5465
7548
6108
7318
8047
9625
451
3986
1617
4859
4293
4630
9954
146
1196
4802
4537
9
2093
5288
9787
1912
1410
3244
3766
8663
4040
3764
71
6845
6311
8159
3624
3781
9545
6274
6970
2898
7337
237
3914
9657
5690
7501
9683
2797
9665
3978
2529
4697
8944
9808
909
9877
2655
6779
6762
9515
3593
5260
3722
1636
6593
4889
7085
7388
1471
5600
7368
9348
7146
9579
4798
5206
1891
7199
7774
8882
2828
5198
2312
2903
4724
8157
4765
4958
5905
4976
4914
208
6344
7522
6272
3016
8123
80
4924
323
4703
9413
7902
5700
1113
6736
848
5812
7605
5969
7205
4502
7827
7827
387
4089
751
2834
5886
5671
474
3710
419
5194
6922
7113
3485
9677
2923
5306
4648
7088
9680
2228
1680
4118
9547
7296
3748
7545
6292
5558
3277
4237
9945
491
4581
6690
7602
3364
950
7859
5328
6249
9728
3947
82
2021
5830
5191
260
4010
53
5591
2900
8065
1362
4846
7586
1935
4975
9736
6947
339
1402
8779
4242
955
6434
3654
6228
6791
2759
4551
8982
6661
8829
2985
5077
2075
140
9514
6538
244
7304
9162
3504
9681
9304
7663
2067
5537
7060
9446
7927
2363
6400
5076
3810
8232
2847
5450
7143
7326
3014
6231
736
7398
3999
6343
7159
9375
8294
8633
8257
7724
1060
3311
9544
9496
9157
4798
6979
5866
8536
8821
9764
4387
2291
1627
126
6868
6800
8721
3072
5901
9079
8326
3042
1808
2809
6217
6284
436
935
6505
2574
6694
9901
1737
2511
5113
5343
8319
8261
8078
6270
4475
5149
239
9942
9941
6504
8069
1799
655
2387
1577
606
3834
5073
6103
9536
6532
3767
6591
787
8654
4451
9350
2616
9916
6026
2889
7496
9798
1661
5137
9594
700
487
3410
5215
3846
5414
5821
8363
2521
3283
2854
6511
1957
9439
7327
1767
5851
8844
5155
1149
1836
8838
5648
6489
6877
3724
7035
86
7159
9119
9607
4657
1994
7446
8144
8608
5906
7130
674
5853
1745
9701
7191
5326
2140
930
9837
4243
9442
5073
7909
2091
7127
5658
5096
4690
8319
2251
5012
3483
2981
9023
1220
2454
9435
8781
2526
1759
1692
8602
3926
3
8573
9740
5024
3327
3987
3805
4947
6471
4462
2040
7768
879
5426
771
6098
7434
630
2376
7383
2780
6213
9586
8652
478
3522
5921
9600
846
9273
1770
2303
1328
7617
5821
9158
9558
2573
292
9222
4055
3345
1510
7105
1182
34
6229
4114
7762
8006
5482
8681
2654
1819
7034
2484
1004
6404
3653
5769
9682
5741
3980
8447
1929
1279
1932
6077
4166
8831
9403
2282
4616
7489
7934
8036
8141
7995
1780
4540
2864
4116
3443
4494
8211
3835
8685
7774
1108
6115
7390
62
1472
8012
5157
2844
8593
8077
8973
6152
7157
7901
9655
7715
6605
210
3397
708
4094
6753
1205
4404
23
2403
6584
6729
3648
824
3534
1599
139
6421
4832
4322
5658
3369
7882
2377
6989
2830
5299
6716
5173
2683
2234
8102
8122
7158
3279
5317
1126
391
4491
9854
796
5399
5164
2526
536
9335
6913
9132
6341
3262
5743
6026
5333
5226
6110
8553
9584
3511
1843
7676
2220
8061
9706
4085
7684
3315
7295
364
617
2130
6601
6798
5362
5381
9748
6754
3921
9756
1722
1159
4452
448
8702
9321
6084
385
9508
1554
7230
3739
4192
2701
6524
9382
8938
4725
527
7437
8554
2749
1370
8294
4789
6521
510
4160
8756
9913
4398
7467
1838
5557
702
5617
6098
9636
1757
3411
83
1927
9068
8158
63
6594
650
7964
2270
2971
4973
5782
5156
3291
9343
2999
738
8097
499
3148
7728
6918
2594
4504
8575
3851
8775
1780
8798
974
1651
6147
1708
6476
9741
7108
5748
5536
5738
9089
3722
8633
4341
8836
1696
3146
6891
7961
3957
3083
2501
6334
107
4125
8691
8406
1907
779
8578
4541
5287
9612
41
8807
6420
5316
4934
658
7826
6218
7232
6089
8162
2837
8088
8122
1555
3759
7137
9375
3648
1468
6681
1640
7162
3459
4339
8874
9453
3547
3283
7745
1681
8593
3621
2561
9152
421
570
2746
2910
6901
8384
9626
7146
8337
8380
4252
2608
5950
5287
2750
889
7190
7330
4256
4016
1132
8680
536
4689
429
7407
5603
5008
8626
2073
1126
7330
3570
333
99
9132
5605
2541
1286
551
8355
7781
6831
1965
4426
9519
3738
6579
6814
3109
7530
3746
9131
4996
1892
3747
9063
1273
6903
3847
7074
2923
74
1760
255
3204
2318
2832
220
9565
7794
1228
8701
9653
182
4124
4008
4238
3399
3346
9529
7397
8536
7716
4693
6060
3074
9799
3147
5573
6642
7770
2406
8701
2432
477
1232
1202
8385
8877
4817
9139
4130
2749
2885
4163
2821
1809
8699
8441
8520
5930
6649
8694
4736
5737
8077
9044
2357
8610
3423
8792
7031
3071
9570
5556
3902
1997
25
4316
4463
6183
6918
98
8074
4638
2397
3456
7088
9282
2344
2786
6370
3759
6100
6669
6373
8822
8456
2896
1618
9911
8005
2837
6746
7416
697
2420
6934
8965
8894
1173
3516
7684
4752
7599
6493
4339
2683
1378
8188
1968
3074
9902
8153
8229
988
9070
1723
7295
6089
4340
1485
4537
8627
7889
7791
5258
384
5265
6445
4711
883
8657
2588
2918
7106
3471
8465
7744
2402
7085
1500
3170
3118
7168
8657
6897
4919
635
9847
3255
853
5395
2601
4558
6492
6399
8843
1352
2778
7327
5207
4809
6684
1861
132
353
4224
9940
6488
7146
1205
4004
1060
7898
5791
8958
4734
5893
8695
7466
780
3811
4479
4115
7532
105
6611
5364
8785
8551
3115
1714
1687
9773
3805
9333
5463
6107
2127
5603
2774
6931
8922
8107
5497
2973
6218
1355
2547
199
114
3391
7822
4199
9836
6839
6072
5679
5406
5043
4149
9243
2952
7277
7698
745
3386
4067
6506
2390
5267
1120
7153
8593
5140
5302
2301
2367
995
107
9189
3082
1499
4493
8082
8022
7696
4482
7554
1138
4080
3248
1211
1063
2549
4982
2140
9280
8503
2629
1423
8582
2607
3631
171
2407
6423
5306
6983
3395
637
1873
6712
3266
5861
9288
3355
5493
2302
4121
6558
3240
669
1488
9288
1664
4245
4015
8073
935
5401
3535
1372
5809
2040
7940
9578
4089
5943
987
5832
1806
2860
466
3232
6932
1622
4357
2909
5272
5370
17
1967
6323
1641
6678
2335
1402
1101
8270
7773
8368
3506
9300
7957
9545
8225
2082
8351
2460
9671
9724
3702
5827
405
6515
3744
9074
5953
87
1068
4178
5241
9804
3083
7193
1095
5655
9860
6024
5712
805
2059
5537
2151
2216
2748
4786
9711
8719
2465
8562
5933
8353
804
55
636
9286
7886
5234
2218
2002
9533
6040
3519
3087
9076
6445
6813
5254
2620
3631
643
3273
9368
9644
5948
2976
6919
1137
3941
3486
6675
3089
4348
7423
9926
9246
6036
2880
6716
8935
500
2075
7203
2061
2399
3182
1855
9395
4030
7895
8442
691
5258
1438
9096
3239
8758
3023
4825
3162
2488
8482
1672
9724
7064
3625
6448
1003
9185
3765
2671
9493
6821
1157
9202
8439
6654
9501
511
6288
2286
2735
130
9623
9831
2952
4687
3125
9831
9625
1350
5121
7948
6240
9397
1383
3157
5059
4055
9316
5928
7017
1242
2832
8144
453
1647
7384
1839
8624
9050
8326
8241
8673
5384
5440
6881
2987
3825
6714
2324
7507
6723
1097
2563
6941
7006
1430
2487
1154
9726
7802
1261
2272
1363
3484
7017
1406
6556
9860
6214
474
8530
1227
1563
7521
5025
2193
6938
491
7297
8843
7634
1440
1571
7623
3364
3531
7926
6973
962
825
7130
6644
5987
7438
6572
669
116
4629
5215
8208
6185
4945
7084
2834
6784
9028
8768
4704
2614
2987
3204
6970
3731
7029
1210
4399
3489
4559
3587
9712
6202
1645
8349
4628
3519
5638
2186
5432
8309
2653
6140
7648
857
1047
9628
2719
4580
6878
3897
6575
6170
1185
9966
1309
397
7173
4765
9396
2606
6669
9399
2644
8131
4545
8605
5823
1908
4638
6769
7264
9680
2666
1621
8616
8365
978
9221
4086
9020
2082
3249
2546
6186
9424
5362
4279
7506
2133
8926
7467
5536
5881
7767
6076
6450
9530
5661
9480
3319
3016
8916
7449
5017
6721
4288
5275
358
4820
8125
3067
7882
1940
2443
4430
3273
9579
854
8540
7512
6088
9251
6983
4427
2054
6295
8555
8441
2331
1282
1860
9675
8826
6328
3527
4372
6517
9408
3918
8267
4882
8614
3027
8947
2617
6427
6791
1243
1623
7468
8000
9089
4722
8928
2685
8194
3898
9370
6296
5421
312
1023
5063
6565
6886
8433
478
4325
7290
6522
4836
5022
2304
789
6384
2059
3764
9861
9857
7318
2233
3193
2807
1331
1880
2247
1153
1050
1880
9542
1028
6946
2966
4312
6580
8857
9377
5891
7746
912
8293
3857
7730
6659
9779
3789
4968
806
5817
9518
415
4139
2883
2881
6501
6529
4669
7438
7895
9110
1555
5789
9188
8940
2472
977
3408
3626
2495
2706
4616
1241
8730
9497
2348
9519
188
1300
7886
1865
4749
4169
758
9888
4922
6951
9727
3374
1158
2312
5298
1627
1153
5363
7645
6064
4386
9007
399
3036
8036
4273
2370
1972
5563
7094
7254
1781
4882
5868
9814
182
5971
4602
3849
6681
8722
6257
8936
512
3814
7514
311
5708
2404
3342
5345
4352
5689
5109
2228
4404
9284
3574
8582
2582
7855
8333
1123
8714
696
8458
4916
3714
4624
310
190
6937
5343
6689
6244
5226
7425
2583
6633
2958
6449
5745
7862
6209
6481
5559
5140
342
2899
5059
2519
6561
6615
1824
3928
6034
5666
5874
2125
6834
2439
9008
9958
8981
6740
8876
1447
9647
5340
5027
5821
5956
1228
2255
5967
7560
5517
2681
3123
6085
8501
8444
6457
6458
121
1334
5240
2384
7139
712
1587
1272
6396
3644
504
5200
5783
2341
8837
4805
9498
450
6423
2067
3001
7917
7232
9111
4801
8784
3988
2181
4381
5863
1761
4965
2169
560
7832
5337
8577
3775
9516
8570
4772
606
2758
8495
8459
6514
770
5023
6768
3801
5674
862
1116
7135
2477
9908
721
3023
7052
3675
913
8662
8033
6327
9433
4548
9340
6512
7806
2540
3515
5594
6050
7995
8405
8582
4947
5253
9683
5441
8257
3562
8411
1450
5273
7592
2539
273
5186
314
3423
5467
3731
4990
1631
962
704
7525
9223
5753
8559
1267
6308
3198
4155
4150
4216
8344
3829
7411
8619
5551
337
3420
6654
4362
1316
6477
3532
5284
6952
1286
720
3224
5433
3379
6429
2300
5343
9255
1086
6186
8873
9864
1579
8072
3026
8259
7140
4633
1507
9840
8445
9373
6885
1328
1814
8883
5873
2979
7846
463
2005
6166
6756
7767
6229
2521
2881
4935
4572
5119
4757
4676
1006
4398
1988
1390
3868
151
9261
9118
2066
7503
8047
3407
3232
2540
7705
6697
1539
4027
108
1528
4144
2414
1166
5947
6764
691
4862
7832
91
1055
8319
4125
931
7307
9300
1458
6204
8516
8918
4523
4102
1446
9445
5001
8503
1795
632
31
7952
7132
1458
3649
9194
4402
5188
5001
3410
9607
345
6964
9983
1294
8145
3865
1100
2769
9389
8698
8086
8448
3588
8083
2579
9271
5073
3903
2493
2169
8410
7065
9882
1993
7036
2064
2953
9671
3032
4212
5851
2391
8788
8397
332
8237
9695
8236
8317
8260
5717
40
2687
927
8923
4986
4013
7127
7032
1397
4582
1330
4817
9132
3110
2853
5551
7608
8433
9936
462
177
6203
3272
5188
6361
1286
2434
7260
7864
7593
330
4031
242
7818
3507
8607
5509
3976
5145
3215
2751
1655
3507
1905
7884
8952
2341
861
2780
4805
433
7675
195
1238
3277
7198
5403
7891
1872
5421
1828
6518
7493
9183
4379
5483
2018
4019
3768
6040
1683
6345
7249
1699
7919
6000
7900
3044
6861
9548
4498
6601
7663
1267
7503
6272
7531
7957
5638
900
7019
3910
1570
2086
8171
8714
4551
3287
6160
1067
5702
5872
4535
5178
8703
5599
2107
1536
1969
3726
1840
1311
1837
1089
1949
9562
41
4860
5031
6589
9392
4127
5879
7018
7590
3327
334
7474
5065
2354
5295
4125
4212
7590
8378
2390
5437
1774
7129
2245
4510
6442
3812
6170
1537
2130
3679
5139
5652
7328
1779
7114
8220
7
3977
8174
8709
3811
1730
2797
1831
1694
4373
779
9749
1612
2704
33
4399
3605
2127
6532
3208
444
2475
1921
5666
1392
9897
7203
5284
2526
51
4080
7677
9809
6244
822
6931
5368
1693
6109
5636
6258
165
1801
2654
8552
3277
8975
3802
6054
8177
9249
5138
8808
4058
9208
7043
8750
3760
205
6398
4651
1021
2148
5177
3008
6413
7301
2995
9792
1761
6856
6932
5071
3987
7469
2834
1772
2324
4965
832
8728
8673
9552
977
6290
1012
2388
8714
1808
2327
4070
4246
3420
3507
505
6531
8600
8438
384
3881
9184
5187
289
9099
5899
8260
4505
2950
7741
7658
5030
6950
4476
6309
6916
4776
3069
6783
7879
4698
139
8290
8914
3359
5523
9738
7586
2879
990
9893
4571
3834
6860
7015
9196
381
9865
1435
6673
7053
7887
4179
3333
960
1737
6576
4178
6284
2814
4893
2903
2215
7698
5446
1365
4333
3221
2646
3461
2528
5110
9278
41
7210
5128
7633
9630
8078
4478
5948
5995
3804
950
2419
9944
9795
7824
7862
5086
5184
2042
3235
1831
5061
9961
3509
3490
2454
5974
9355
6037
8844
6114
707
7311
9436
935
7844
5977
7634
2973
4411
9368
2310
486
541
4595
8705
6903
3612
7931
3417
1091
5381
9147
5752
5589
3974
3453
795
26
3372
3175
5622
8312
2522
5488
9797
4735
3638
3683
461
7467
2477
1359
1600
979
5959
2536
6592
8913
9061
5582
2939
5454
743
6375
1652
7401
8138
5948
5170
9396
1214
4973
2162
9612
566
6642
7864
3571
9897
8607
3827
8555
1829
8738
8254
3697
1347
8780
6146
6819
8405
650
3449
6015
3516
8448
5149
3290
1463
7057
6255
4698
7733
1021
5012
9665
4443
8231
4330
3734
8273
4849
7720
4945
5255
2950
4019
2099
4870
7396
893
2928
9249
2469
2855
586
7769
4856
1591
8203
1983
5377
7205
3359
2229
4297
6576
827
3038
3667
8318
7646
8596
2989
9312
4130
1848
7983
643
2399
1155
6355
6227
9069
3707
9328
5818
4227
498
2133
6678
1729
7881
2975
9401
2262
3265
8967
4986
1999
9362
6219
1801
4893
6196
3959
2383
3089
7931
2640
1043
3671
1888
4733
5466
3133
1513
514
3270
6526
3403
2874
1615
143
8038
720
847
1796
9679
4954
8134
8800
2779
5635
3198
3848
3718
6036
4473
1923
5412
9854
3223
4065
8095
4518
4484
8404
3295
5613
6366
5647
5463
3387
7716
537
7292
1688
9177
1374
417
8167
8024
3923
3389
3647
2674
8259
9790
2182
3587
7387
3031
524
1346
4671
8405
6658
3127
327
4095
8086
9527
4873
3292
9772
7834
1300
1022
6234
5438
6
7740
2912
1988
299
2845
2066
8376
8194
2992
4851
9791
8542
2457
4400
4153
2326
6294
3478
1685
2409
3423
1520
8036
6866
2284
7906
69
6307
1728
4203
3408
9297
1955
4682
9758
2428
6382
8945
8965
425
2815
318
18
8654
5389
6299
4175
4538
6005
4388
3076
382
1890
2033
2841
8524
1900
9279
8170
6538
1303
1503
9699
3251
1404
3114
8219
7003
7637
6383
733
8572
4849
5067
592
3682
7271
8564
6057
9695
1112
2690
9271
91
733
2410
8028
8156
9983
745
2459
814
694
5705
4812
7792
4921
4499
3901
3579
6564
6401
9123
7407
7672
8878
9182
1723
4844
4253
1210
5881
8097
9059
8961
932
1571
9698
9262
9607
5675
930
4749
5715
9857
2366
2255
8044
2127
825
8569
7121
3793
4811
8491
2198
201
6444
2718
9743
1118
1163
9687
252
8933
7195
7464
9372
7288
3579
9382
7743
2306
2448
3781
4748
5101
2946
4159
1675
9970
4720
4435
2480
655
1392
6394
2212
9927
5559
9334
9634
6084
7409
2979
795
6919
8862
7983
8023
3024
6442
7654
3737
3481
6183
2757
1981
3068
56
8480
4464
741
6460
2336
7100
4019
8885
8692
3983
7016
5733
8024
2359
3887
661
3091
5004
5981
7441
6058
6553
2064
8706
9010
7929
3604
9609
4707
2346
5764
3237
9047
7473
7982
2162
6018
3898
319
6526
124
7657
1054
2553
6921
1442
3045
4344
6186
5393
2409
6278
6189
7335
2650
5016
9535
7075
9830
6251
3713
5464
8569
3005
1912
1024
463
5108
334
7773
5337
7935
9351
3111
2974
3159
3758
5480
5833
6561
9805
9232
7232
7443
6236
9285
3349
9216
5696
2954
229
930
7365
3307
1997
6371
2534
162
9341
24
2585
4058
469
587
5000
222
8427
9491
3177
9996
9759
7858
4656
4299
9270
4331
6698
3606
7570
317
7946
8756
8899
3569
3441
6101
102
1452
1158
8812
1627
481
2613
2484
2853
2598
6052
9584
3755
7105
7184
3730
4699
768
790
8727
6110
1026
7773
4206
1111
2660
5361
1539
6357
8668
3227
1005
9095
971
907
9056
1423
1955
4040
383
1183
8262
526
8466
8000
822
4198
8863
1986
910
8483
6056
8478
108
3176
9074
3447
4233
3704
5181
2286
6983
821
9140
6949
7430
4890
9123
987
1666
5188
7760
3478
893
4987
5320
1983
2420
1246
2023
8343
4449
9852
9778
5224
2621
2559
5381
2982
3903
8179
3860
8148
1110
1909
9872
9698
2703
3318
4601
644
3251
335
7818
4191
2671
3982
9525
716
5041
2062
1932
6239
6173
7749
393
4417
7434
1638
7435
6872
7627
5143
5214
9449
8685
5694
9797
6964
2954
6932
1190
158
9848
8635
8674
572
2610
5020
5231
987
7872
5609
9732
7324
1221
7409
7361
1532
869
1857
6473
3042
9921
2024
3085
5986
9489
4531
9094
4047
3388
439
5150
2717
3095
7278
395
5667
3400
7944
9353
3359
7541
2274
2163
3236
3790
1604
8158
4559
2212
8581
6002
5015
7956
3497
8998
9987
8404
6730
4231
8773
4665
4020
6228
5796
5939
9354
3225
7735
9093
8903
4742
6509
8037
495
8492
9354
8540
7732
467
5260
6650
8948
59
572
8217
463
5117
4927
396
3398
1804
7628
3749
7679
8286
7336
5824
5141
2081
5485
8959
7900
8332
6793
2610
3875
4771
6051
5458
162
4054
184
8683
5427
5943
6179
3076
9869
1334
8604
1340
4811
7787
6631
1011
1771
5102
1629
1826
2690
7638
7032
7576
4460
5389
3111
8930
2258
1837
3714
5
7236
4009
6887
267
9974
6218
1474
7096
2616
6549
5116
9112
828
3317
1498
4344
4844
5770
4855
4861
6292
173
8188
5700
651
8750
1339
2567
6943
9693
8091
2249
3646
3810
717
1183
4833
9913
8573
2442
6083
9613
5572
5941
9071
5088
2554
9655
615
8788
9641
1718
5201
6217
957
73
5740
3220
6888
6311
5392
1176
2930
1281
9092
8675
3293
7785
2057
7320
8854
1310
8387
5284
8647
9253
7959
5791
6218
3781
9296
1281
6440
4991
5628
5263
3120
6697
9155
9537
3187
2533
4536
8353
4827
8626
2456
2385
2492
8575
5200
5065
4451
983
4427
1724
4459
3662
8456
7399
3950
134
890
565
9337
6030
425
8466
728
4952
3318
3514
2752
2197
8171
9964
2667
6928
5905
5472
8462
852
6907
9250
8151
5098
2848
2075
5458
5219
6214
3691
3179
9598
137
6245
9741
8118
2732
9158
873
7883
4646
9203
8899
9628
1069
7950
2790
2094
6257
1204
6807
3244
7854
1559
1654
7531
7493
4867
3473
5864
2293
3599
8516
8496
4243
8306
6155
5499
2024
4416
8184
3190
8217
3711
4383
4044
3650
7850
6174
1793
5340
8481
5914
7563
7934
2619
4949
6957
5183
7561
9180
7313
9817
7576
2125
6529
1433
2099
997
8177
3187
5731
5239
2413
1411
7812
5401
3083
5134
7349
1225
3629
6807
8059
4157
8293
5149
6450
2279
517
8930
6226
1367
3506
966
2074
858
5428
7713
1195
7153
7837
1504
5331
2252
6227
9447
3605
6981
7676
5365
4914
4106
